       0	20.0855
    0.01	24.0043
    0.02	10.3758
    0.03	13.9058
    0.04	75.2144
    0.05	16.8524
    0.06	11.8841
    0.07	31.5024
    0.08	39.7025
    0.09	7.71415
     0.1	53.5088
    0.11	24.1835
    0.12	95.6127
    0.13	3.73301
    0.14	4.05676
    0.15	16.2041
    0.16	13.4276
    0.17	193.522
    0.18	39.1128
    0.19	7.6591
     0.2	144.973
    0.21	14.5522
    0.22	2.75534
    0.23	7.13474
    0.24	8.77214
    0.25	33.0907
    0.26	139.667
    0.27	82.4349
    0.28	29.2387
    0.29	23.1755
     0.3	250.38
    0.31	59.3018
    0.32	153.611
    0.33	22.8137
    0.34	18.8084
    0.35	133.901
    0.36	49.2928
    0.37	36.568
    0.38	42.5195
    0.39	35.2806
     0.4	149.843
    0.41	86.7141
    0.42	49.7281
    0.43	159.636
    0.44	27.8338
    0.45	32.9121
    0.46	50.3451
    0.47	204.849
    0.48	9.19684
    0.49	136.734
     0.5	56.4589
    0.51	79.6872
    0.52	96.8436
    0.53	33.2304
    0.54	151.502
    0.55	68.9374
    0.56	445.215
    0.57	65.2504
    0.58	40.2347
    0.59	188.244
     0.6	173.129
    0.61	196.053
    0.62	62.6822
    0.63	58.9611
    0.64	123.253
    0.65	43.1256
    0.66	44.5885
    0.67	387.493
    0.68	237.084
    0.69	185.363
     0.7	41.2225
    0.71	519.806
    0.72	510.768
    0.73	617.821
    0.74	92.1523
    0.75	54.0741
    0.76	496.29
    0.77	277.93
    0.78	71.4908
    0.79	106.143
     0.8	168.105
    0.81	75.7506
    0.82	342.162
    0.83	235.941
    0.84	225.912
    0.85	85.7099
    0.86	556.865
    0.87	857.242
    0.88	118.203
    0.89	458.847
     0.9	2676.91
    0.91	3768.7
    0.92	1567.15
    0.93	277.675
    0.94	1038.25
    0.95	45.6312
    0.96	1136.47
    0.97	405.931
    0.98	1553.86
    0.99	92.1426
